# The following was used for generating Supplementary Figure 1C. Values for plotting were obtained from RSeQC. Plot as density plot.

# For K27me3 RT&Tag Biotin
pdf('K27me3_RT&Tag_Biotin.geneBodyCoverage.pdf')
x=1:100
y=c(17193.675874993205,18887.010081082582,20332.073298841715,21795.233448520303,23318.7077421695,24808.715953797102,23905.138405308127,23909.41908684373,26202.609143465757,30193.803416147828,31306.143224447966,43939.898752108216,44225.91587418318,51502.417441383004,50526.277233958244,53853.98638944328,48358.60348974168,46980.08388194442,40784.01291371882,39812.296988904476,38651.3151537478,34519.08307220042,36500.37072451413,32841.89305911958,35054.138952344656,36354.83572217822,42298.9178635031,42331.02358657122,42087.42723838985,40096.77302248776,39359.946476101875,44086.806505292654,44924.42594690621,48267.31553025544,49780.08126163483,49755.96241894364,49567.623980522156,50395.13149109483,49880.88321110606,49400.495770677924,54974.12298941612,59819.858442515135,57829.80803671479,56266.840485841036,60663.534864366055,61249.369155451655,62221.034114569426,65464.69793981314,64800.63376994431,64433.092799559236,64557.42291405797,62639.16549101472,63793.15237848461,65811.79962226748,65581.23462124169,68307.53884707391,68859.13876062632,67839.21464712918,73742.25290988386,76335.27315936983,81003.94490392506,81918.22560806572,82248.40989346802,84748.61752665043,87955.3078828007,89618.28705114126,91129.69739833474,94191.24851800501,92226.49414560199,96256.0214061886,102125.78417210281,106251.61835283041,109702.10840396583,114684.630788818,120109.22413495183,126099.80877240002,132510.07782115042,137209.11578211188,145194.98521085083,153585.37796898186,157416.64140085876,161742.88395392895,166570.32850642502,178153.60452200472,182843.87589403987,188944.60567195714,193691.32526560128,200982.99784336984,209189.91458941996,220763.25164441764,226505.97036994994,233197.80062520504,239517.59063273668,247126.788212806,251919.5960841626,254493.15015862882,255230.5650522262,237210.1762458533,205796.82822354138,140848.51703074574)
plot(x,y/36294,xlab="percentile of gene body (5'->3')",ylab='average wigsum',type='h', lwd=6, cex.axis=1.5, cex.lab= 1.5, main="K27me3 CoTagRT Biotin")
dev.off()


# For K27me3 RT&Tag CoTagRT
pdf('K27me3_RT&Tag_CoTagRT.geneBodyCoverage.pdf')
x=1:100
y=c(18121.578189849854,20459.828855752945,21331.04452598095,28392.901324868202,29910.15763169527,28503.690711140633,24667.860595226288,24808.660258293152,28245.37837600708,32162.480610847473,32587.46460688114,43943.8024892807,44120.3240069747,51389.78667575121,49949.13122570515,52309.125674963,45550.629302859306,43624.42817622423,37325.569352030754,36309.925529420376,35112.59907865524,32969.49890047312,35263.23359704018,32366.431720852852,35230.625140964985,36910.41996574402,42550.28394907713,42268.15761953592,40679.47691625357,38297.73516625166,38536.89510679245,42443.123430907726,44336.1977751255,46615.95232319832,48269.86247032881,48428.78430092335,49841.9861010313,50889.20396155119,50365.339197933674,47572.58101552725,51044.499931395054,53562.37180894613,50181.56711566448,50293.37969535589,54769.03577333689,54692.94490432739,55227.15907675028,56697.81637227535,55928.06223911047,55787.77682745457,56462.798830628395,56000.53543150425,57781.27431058884,61048.71851581335,62089.2095849514,66919.46530967951,69092.58444648981,68843.58848106861,74369.04628330469,77098.12712955475,82351.29641193151,83531.54690063,85238.7825217247,87505.59096169472,88094.16458147764,88861.8522837162,88640.2965529561,89129.99478530884,87806.86236125231,88828.72069466114,93555.95280396938,97385.05178427696,100787.0928503871,104594.96999049187,107911.59464687109,112509.41342073679,117456.64959830046,121862.41684800386,128792.27933961153,135092.67109638453,139183.70404160023,146483.17083364725,152521.6321106553,162837.4809549451,166837.422375381,169823.2595601678,173678.75646567345,180285.07088422775,190727.74577319622,205249.58147364855,210330.37612259388,218567.27884882689,225626.5329671502,232444.61734318733,229669.985409379,230071.17480140924,226262.77699655294,205906.99877774715,177655.3860374689,118896.76378190517)
plot(x,y/36294,xlab="percentile of gene body (5'->3')",ylab='average wigsum',type='h', lwd=6, cex.axis=1.5, cex.lab= 1.5, main="K27me3 CoTagRT Unbiotinylated")
dev.off()


# For K27me3 RT&Tag preTagRT
pdf('K27me3_RT&Tag_preTagRT.geneBodyCoverage.pdf')
x=1:100
y=c(20248.368652433157,22540.88239607215,24266.46138727665,26431.793350428343,27970.18452706933,27698.810686975718,26179.831343382597,25457.355451345444,25303.605378091335,26896.624667048454,27043.807244241238,30771.404786646366,30684.82806932926,32031.86074411869,32126.508690059185,33960.437918424606,32671.03243100643,33110.48935544491,32038.740808963776,31690.922926694155,29971.01099577546,27759.12386211753,29339.908137738705,27535.218155115843,27935.258038192987,28185.437230348587,29971.91575565934,29295.423791140318,30004.455478966236,29628.29062896967,28944.331609487534,33113.19089251757,33805.20839011669,35441.223916739225,37436.08739337325,37351.30133199692,38066.01256215572,39328.24928602576,39011.49604648352,36238.03582179546,38117.96054622531,39837.85665118694,38112.880196630955,39571.86035707593,40779.46426561475,38020.92717668414,40493.46027940512,42154.55404576659,42782.391415953636,43182.73832690716,43682.798798173666,42931.36727797985,43362.16467681527,44696.94682228565,45480.32322752476,47591.322143256664,49598.126878887415,50354.934103786945,54330.93560740352,54727.99246042967,57999.72117656469,59895.46331423521,61612.98285955191,62960.61276471615,63235.563775122166,63349.89879962802,63908.78011789918,66183.37734523416,65049.21114975214,66779.27172413468,69191.20166254044,71475.65338075161,73279.44638726115,77984.18905505538,82083.48361608386,86077.38877797127,90803.91430699825,95516.4151571393,99657.50113537908,105537.90129819512,108802.179145962,113969.65559771657,119108.46252292395,129145.48141568899,133304.18690180779,138176.40709900856,146629.65037372708,154426.09503999352,162550.34359949827,174410.87181702256,181486.34437525272,185993.4732621312,193371.35404106975,204072.58170700073,212772.72066515684,220882.62505483627,224036.1287380159,216940.97513252497,201235.8303821087,139099.7844145)
plot(x,y/36294,xlab="percentile of gene body (5'->3')",ylab='average wigsum',type='h', lwd=6, cex.axis=1.5, cex.lab= 1.5, main="K27me3 preTagRT")
dev.off()



# For MSL2 RT&Tag Biotin
pdf('MSL2_RT&Tag_Biotin.geneBodyCoverage.pdf')
x=1:100
y=c(14459.127568542957,17144.59799310565,19020.72357390821,21168.802681431174,23267.14853847027,24566.20347033441,23833.409030348063,23917.231808021665,26698.083331152797,31004.47211062908,31991.69694264233,46328.08345262706,46739.367314860225,55130.1718352139,53814.54049485922,57327.793916106224,51656.7783395499,50402.43319708109,43785.334822908044,42911.32052047551,42069.37434116006,37297.48808145523,39608.36913013458,35488.96786183119,38028.58527471125,39996.352682352066,46591.105283916,46639.90632170439,46611.039393648505,44446.755603805184,43468.83210170269,48734.727243706584,49537.73571778834,53257.02272167802,55175.982977584004,55421.10362844169,55553.559957027435,56622.56256438792,55891.64009279013,55331.15365214646,61115.43812198937,66898.4042942524,65695.64922302961,64695.193396896124,69751.15848451853,69909.6805241257,71625.98426873982,74871.9527347982,74394.52686105669,74001.677493155,74092.02300150692,72422.84517531097,74352.4278948158,79171.08476674557,78651.38762643933,81945.22581541538,82543.52681210637,81345.98736226559,87129.16015528142,90002.2024307251,94970.06644678116,99808.0821171701,100528.94542813301,103290.9785182178,108153.415082708,110391.6482425034,111816.44337974489,114861.59836524725,107441.66747458279,111665.93601925671,117990.22446013987,123080.82947942615,125355.20894543827,130874.24847602844,136995.30667725205,143267.61871160567,150717.72363699973,156019.3803973645,164814.36591485143,173350.99668726325,177632.81363101304,182906.34688599408,187866.5650433451,199757.0209260285,204711.27299407125,211322.79718644917,216128.38141539693,223672.74507707357,233237.03048931062,246022.3134844005,251920.79786917567,258638.28787885606,264969.63743659854,270956.7811538726,273801.70340399444,274940.56538139284,272174.79855939746,249936.96436859667,213410.28374186158,146471.6481501311)
plot(x,y/36294,xlab="percentile of gene body (5'->3')",ylab='average wigsum',type='h', lwd=6, cex.axis=1.5, cex.lab= 1.5, main="MSL2 CoTagRT Biotin")
dev.off()


# For MSL2 RT&Tag CoTagRT
pdf('MSL2_RT&Tag_CoTagRT.geneBodyCoverage.pdf')
x=1:100
y=c(17887.567355811596,20471.22048765421,21764.670574605465,27778.052623212337,30221.589307963848,29572.9655418396,26352.600430965424,25930.648064136505,29250.563614726067,33022.162949860096,33288.86085999012,46062.680043399334,46233.62666171789,54478.48374915123,52353.56616920233,55430.57860714197,47121.86925303936,44942.86337721348,37775.61606866121,37492.15503460169,36501.12098813057,34019.159958302975,36847.34098619223,32855.010246276855,35428.38329052925,37097.25370848179,43051.12844532728,42097.94768637419,40326.81780606508,37963.34058755636,38108.862754404545,43312.94045162201,44874.17517209053,48472.1525118351,51781.79113352299,51102.33332711458,53123.37351131439,53889.90676224232,53695.69569784403,50100.45794337988,54622.37472975254,58328.007237136364,53740.08235013485,53420.37701487541,58686.138266026974,57605.81894701719,57298.542014718056,58801.35136216879,57075.672375917435,55804.40491437912,56352.39614987373,55424.09752655029,57625.829582095146,61307.64185833931,62055.79864645004,66882.29467117786,67905.8019362688,67296.13051819801,73838.0276799202,78137.62249457836,84009.26476407051,85419.01707220078,87651.59336364269,89404.86670434475,91662.31523424387,91390.75340151787,89846.83174705505,89831.69202774763,84893.75287145376,84678.44529104233,90125.41877985,92567.34771281481,94920.543035388,97221.81551724672,100661.81965869665,106442.57240253687,109540.13746714592,113297.68506675959,119334.32090622187,126370.13012582064,129886.3932312727,139548.58854794502,146830.52279561758,158811.28066271544,162861.49423235655,163979.66479504108,166573.58507674932,173040.84251254797,184003.51535624266,203317.0627657771,209009.65587008,216005.42190390825,224694.4124172926,231721.57738435268,230473.0366731286,232731.55897170305,227341.8862130642,206754.34315532446,180859.9362271428,121678.30615872145)
plot(x,y/36294,xlab="percentile of gene body (5'->3')",ylab='average wigsum',type='h', lwd=6, cex.axis=1.5, cex.lab= 1.5, main="MSL2 CoTagRT Unbiotinylated")
dev.off()


# For MSL2 RT&Tag preTagRT
pdf('MSL2_RT&Tag_preTagRT.geneBodyCoverage.pdf')
x=1:100
y=c(14110.38422486186,17488.960915878415,20305.04294411838,22961.574188292027,25008.942071050406,25744.64640817046,25269.80064176023,24875.76992484927,25210.03948993981,26421.916658207774,26750.497964948416,30734.07019071281,30433.759080424905,32590.39693363011,33400.091282233596,35006.397873967886,33873.027373462915,34464.35497820377,32988.56982150674,32387.022201746702,30668.051997989416,27821.230232089758,30253.32864303887,28018.91078723967,28424.134713307023,28710.025685831904,30926.236232846975,30542.267333447933,31568.224573403597,30993.398423075676,30820.951397538185,35282.02261866629,36168.92376853526,38999.241799890995,41359.99528823793,41603.58081808686,42662.562361210585,43834.79031531513,42658.57570105791,39509.749453663826,41777.18564081192,43504.89283402264,42333.23261113465,42182.791129767895,43869.71914257109,43056.7962308079,45159.37558428943,47007.54641571641,47827.29307593405,48907.31875710189,49657.05888181925,48931.0295317024,49567.320941746235,51187.08257097006,51892.62046790123,55266.45777493715,57794.744285047054,57979.143021285534,61750.99826659262,62300.39774349332,66176.97121182084,67638.33430038393,69655.34850899875,72117.02869743109,74012.06259740889,75620.26016934216,77220.46607489884,78481.1032165736,77503.52143080533,81278.22528491914,83988.44644290209,87053.4288290739,89482.68831197917,94424.1141436696,98926.3489767015,104199.37928526103,108735.76730556786,114238.35780851543,119487.12028849125,126736.38845439255,131673.82451114058,139581.5870077163,147414.79495751858,158780.60378153622,163451.6915488094,170025.39305014908,179363.95093236864,187795.70008330047,198576.43875484169,213739.70931197703,224230.57205229998,233259.52191737294,245236.2078090012,258971.54207780957,270881.46388323605,281471.94231918454,283853.5896022618,273470.6556379497,248368.36078439653,168567.0680193752)
plot(x,y/36294,xlab="percentile of gene body (5'->3')",ylab='average wigsum',type='h', lwd=6, cex.axis=1.5, cex.lab= 1.5, main="MSL2 preTagRT")
dev.off()
